# i  cr sl tb dcc spigot fiber fiberchan subdet ieta iphi depth
0000 17 14 t   0      0     1         0     HB   11   11     1
0000 17 14 t   0      0     1         1     HB   7    11     1
0000 17 14 t   0      0     1         2     HB   3    11     1
0000 17 14 t   0      0     2         0     HB   5    11     1
0000 17 14 t   0      0     2         1     HB   1    11     1
0000 17 14 t   0      0     2         2     HB   9    11     1
0000 17 14 t   0      0     3         0     HB   11   12     1
0000 17 14 t   0      0     3         1     HB   7    12     1
0000 17 14 t   0      0     3         2     HB   3    12     1
0000 17 14 t   0      0     4         0     HB   5    12     1
0000 17 14 t   0      0     4         1     HB   1    12     1
0000 17 14 t   0      0     4         2     HB   9    12     1
0000 17 14 t   0      0     5         0     HB   10   11     1
0000 17 14 t   0      0     5         1     HB   6    11     1
0000 17 14 t   0      0     5         2     HB   2    11     1
0000 17 14 t   0      0     6         0     HB   8    11     1
0000 17 14 t   0      0     6         1     HB   4    11     1
0000 17 14 t   0      0     6         2     HB   12   11     1
0000 17 14 t   0      0     7         0     HB   10   12     1
0000 17 14 t   0      0     7         1     HB   6    12     1
0000 17 14 t   0      0     7         2     HB   2    12     1
0000 17 14 t   0      0     8         0     HB   8    12     1
0000 17 14 t   0      0     8         1     HB   4    12     1
0000 17 14 t   0      0     8         2     HB   12   12     1

0000 17 14 b   0      1     1         0     HB   11   13     1
0000 17 14 b   0      1     1         1     HB   7    13     1
0000 17 14 b   0      1     1         2     HB   3    13     1
0000 17 14 b   0      1     2         0     HB   5    13     1
0000 17 14 b   0      1     2         1     HB   1    13     1
0000 17 14 b   0      1     2         2     HB   9    13     1
0000 17 14 b   0      1     3         0     HB   11   14     1
0000 17 14 b   0      1     3         1     HB   7    14     1
0000 17 14 b   0      1     3         2     HB   3    14     1
0000 17 14 b   0      1     4         0     HB   5    14     1
0000 17 14 b   0      1     4         1     HB   1    14     1
0000 17 14 b   0      1     4         2     HB   9    14     1
0000 17 14 b   0      1     5         0     HB   10   13     1
0000 17 14 b   0      1     5         1     HB   6    13     1
0000 17 14 b   0      1     5         2     HB   2    13     1
0000 17 14 b   0      1     6         0     HB   8    13     1
0000 17 14 b   0      1     6         1     HB   4    13     1
0000 17 14 b   0      1     6         2     HB   12   13     1
0000 17 14 b   0      1     7         0     HB   10   14     1
0000 17 14 b   0      1     7         1     HB   6    14     1
0000 17 14 b   0      1     7         2     HB   2    14     1
0000 17 14 b   0      1     8         0     HB   8    14     1
0000 17 14 b   0      1     8         1     HB   4    14     1
0000 17 14 b   0      1     8         2     HB   12   14     1

0000 17 15 t   0      2     1         0     HB   16   11     2
0000 17 15 t   0      2     1         1     HB   15   11     2
0000 17 15 t   0      2     1         2     HB   14   11     1
0000 17 15 t   0      2     2         0     HB   15   11     1
0000 17 15 t   0      2     2         1     HB   13   11     1
0000 17 15 t   0      2     2         2     HB   16   11     1
0000 17 15 t   0      2     3         0     HB   16   12     2
0000 17 15 t   0      2     3         1     HB   15   12     2
0000 17 15 t   0      2     3         2     HB   14   12     1
0000 17 15 t   0      2     4         0     HB   15   12     1
0000 17 15 t   0      2     4         1     HB   13   12     1
0000 17 15 t   0      2     4         2     HB   16   12     1

0000 17 15 b   0      3     1         0     HB   16   13     2
0000 17 15 b   0      3     1         1     HB   15   13     2
0000 17 15 b   0      3     1         2     HB   14   13     1
0000 17 15 b   0      3     2         0     HB   15   13     1
0000 17 15 b   0      3     2         1     HB   13   13     1
0000 17 15 b   0      3     2         2     HB   16   13     1
0000 17 15 b   0      3     3         0     HB   16   14     2
0000 17 15 b   0      3     3         1     HB   15   14     2
0000 17 15 b   0      3     3         2     HB   14   14     1
0000 17 15 b   0      3     4         0     HB   15   14     1
0000 17 15 b   0      3     4         1     HB   13   14     1
0000 17 15 b   0      3     4         2     HB   16   14     1

# H0
#i   cr sl tb dcc spigot fiber fiberchan subdet ieta iphi depth
0000 17 17 t   1      6     5         0     HO   4     4     4
0000 17 17 t   1      6     6         0     HO   3     4     4
0000 17 17 t   1      6     6         2     HO   2     4     4
0000 17 17 t   1      6     3         0     HO   1     4     4
0000 17 17 t   1      6     5         2     HO   4     3     4
0000 17 17 t   1      6     6         1     HO   3     3     4
0000 17 17 t   1      6     4         1     HO   2     3     4
0000 17 17 t   1      6     4         0     HO   1     3     4
					    							      
0000 17 17 b   1      7     3         0     HO   4     6     4
0000 17 17 b   1      7     5         2     HO   3     6     4
0000 17 17 b   1      7     5         1     HO   2     6     4
0000 17 17 b   1      7     5         0     HO   1     6     4
0000 17 17 b   1      7     3         2     HO   4     5     4
0000 17 17 b   1      7     6         2     HO   3     5     4
0000 17 17 b   1      7     6         0     HO   2     5     4
0000 17 17 b   1      7     6         1     HO   1     5     4
